-0.30712307364285485
-0.08322652196732368
-0.782282178858918
0.31624197973917473
-0.16240039713813512
0.7472641317450018
-0.22974862868157173
-0.009350360898279427
0.052076009807308234
0.6736990554973173
-0.07501671425105655
-0.48071518828169196
0.9662006461067204
-0.3049803928484271
-0.31745389272216434
-0.6488330690389219
0.2027988043619419
0.08600434611708448
-0.19731016887005215
0.2845627739009775
0.6010109073117346
-0.24033376136291126
0.3127740382036705
0.3304898751561403
-0.05923677739520888
1.0365319814730103
-0.5772076256822359
-0.12102279175053757
-0.21248917888783606
0.09834334214979547
0.7429777710758178
-0.1965604195136644
0.03434859713745976
-0.3436818576473433
0.544960402545808
0.44462252294903987
0.2664537433096131
0.19385522308509218
0.6709503590307672
-0.5487305852134448
-0.8393723688338255
0.6376800032118722
0.06545832738456767
0.753181094898409
0.002305398931183705
-0.19568472211889307
-0.045879829066939444
-0.7280592144525376
-0.23236768913965453
-0.6175401480626063
-0.006342805217751806
-0.32745608189673714
-0.4877739688590564
0.2750251023005224
0.2889692439900154
-0.4129552281278092
0.5868560116012114
0.909452611444417
0.7038713614408556
0.23761496014477107
-0.3639694890079664
-0.6500893758855288
-0.15840625896888327
1.2563115659013357
0.2084159589620463
0.25003555698499375
0.505830568041026
0.31120755872932804
-0.6510309439211172
0.2872449856163451
0.43614932948173085
1.1569733166933713
0.1896735843389617
-0.7475495111975665
0.7179397452399584
0.49134137742090533
-0.019953442320350716
-0.19244050659528897
-0.43208257058815175
0.14911636834248332
-0.029951405359613284
-0.19100779134874224
0.259327167881302
0.38872305787566463
0.1570950390775287
-0.348845785207325
-0.1342005589796736
-0.256291525193412
0.4262452671165759
0.14627628804154227
0.3960660982641994
0.7205690033420491
0.02177442586256324
0.12000074422206247
-0.4317232887696492
-0.17117192135232512
-0.06391409662457664
-0.31481149986798623
0.13723537535429173
-0.22720185953592076
